723
10000.000000000000000 42.000000000000000 292.756260355986910 0.010000000000000 
10000.000000000000000 42.000000000000000 365.038381723183363 0.021666666666667 
10000.000000000000000 42.000000000000000 416.043238907288810 0.029166666666667 
10000.000000000000000 47.000000000000000 375.734388309010626 0.026666666666667 
10000.000000000000000 53.000000000000000 248.993854988348858 0.010833333333333 
10000.000000000000000 53.000000000000000 360.629712682621403 0.027500000000000 
10000.000000000000000 53.000000000000000 398.079716100637597 0.032500000000000 
10000.000000000000000 53.000000000000000 443.771165362869056 0.038333333333333 
10000.000000000000000 59.000000000000000 205.561579997399122 0.006666666666667 
10000.000000000000000 59.000000000000000 220.193328386440385 0.009166666666667 
10000.000000000000000 59.000000000000000 245.881511652445283 0.013333333333333 
10000.000000000000000 59.000000000000000 251.210166677536307 0.014166666666667 
10000.000000000000000 59.000000000000000 262.054149791836664 0.015833333333333 
10000.000000000000000 59.000000000000000 267.568288799138031 0.016666666666667 
10000.000000000000000 59.000000000000000 436.957691738833944 0.039166666666667 
10000.000000000000000 60.000000000000000 193.328015294282693 0.005000000000000 
10000.000000000000000 60.000000000000000 259.405511422168786 0.015833333333333 
10000.000000000000000 60.000000000000000 305.353274824217237 0.022500000000000 
10000.000000000000000 60.000000000000000 323.533959000592915 0.025000000000000 
10000.000000000000000 65.000000000000000 171.369471518310348 0.003333333333333 
10000.000000000000000 65.000000000000000 236.413855699224342 0.014166666666667 
10000.000000000000000 65.000000000000000 282.210077094067628 0.020833333333333 
10000.000000000000000 65.000000000000000 294.287779591024787 0.022500000000000 
10000.000000000000000 65.000000000000000 371.457423534246971 0.032500000000000 
10000.000000000000000 65.000000000000000 405.722445682492662 0.036666666666667 
10000.000000000000000 65.000000000000000 419.731527177572559 0.038333333333333 
10000.000000000000000 72.000000000000000 175.332406119529281 0.006666666666667 
10000.000000000000000 72.000000000000000 211.450133354313806 0.012500000000000 
10000.000000000000000 72.000000000000000 239.528260572025857 0.016666666666667 
10000.000000000000000 72.000000000000000 245.359964471124840 0.017500000000000 
10000.000000000000000 72.000000000000000 300.841652418171293 0.025000000000000 
10000.000000000000000 72.000000000000000 340.540445946696423 0.030000000000000 
10000.000000000000000 72.000000000000000 375.053452829586206 0.034166666666667 
10000.000000000000000 73.000000000000000 163.842185162479353 0.005000000000000 
10000.000000000000000 73.000000000000000 168.609957834862115 0.005833333333333 
10000.000000000000000 73.000000000000000 193.670645868410759 0.010000000000000 
10000.000000000000000 73.000000000000000 299.356794457893557 0.025000000000000 
10000.000000000000000 73.000000000000000 312.415726983451805 0.026666666666667 
10000.000000000000000 73.000000000000000 359.845053280903244 0.032500000000000 
10000.000000000000000 73.000000000000000 416.902296290391917 0.039166666666667 
10000.000000000000000 74.000000000000000 157.316500489195050 0.004166666666667 
10000.000000000000000 74.000000000000000 202.499464069347312 0.011666666666667 
10000.000000000000000 74.000000000000000 224.647293031482377 0.015000000000000 
10000.000000000000000 74.000000000000000 379.781600660043011 0.035000000000000 
10000.000000000000000 74.000000000000000 430.611388734786260 0.040833333333333 
10000.000000000000000 75.000000000000000 155.525316061867130 0.004166666666667 
10000.000000000000000 75.000000000000000 200.795852563673833 0.011666666666667 
10000.000000000000000 75.000000000000000 240.456996921950150 0.017500000000000 
10000.000000000000000 75.000000000000000 357.470229193189255 0.032500000000000 
10000.000000000000000 75.000000000000000 407.597880831512327 0.038333333333333 
10000.000000000000000 81.000000000000000 160.176898100943362 0.006666666666667 
10000.000000000000000 81.000000000000000 387.639553107570407 0.036666666666667 
10000.000000000000000 83.000000000000000 152.337344098467241 0.005833333333333 
10000.000000000000000 83.000000000000000 199.925901791196452 0.013333333333333 
10000.000000000000000 83.000000000000000 416.046284428524302 0.040000000000000 
10000.000000000000000 87.000000000000000 200.688094097091721 0.014166666666667 
10000.000000000000000 87.000000000000000 269.573259477487966 0.023333333333333 
10000.000000000000000 91.000000000000000 123.000375425733068 0.002500000000000 
10000.000000000000000 91.000000000000000 239.510107938308863 0.020000000000000 
10000.000000000000000 91.000000000000000 265.933092784115047 0.023333333333333 
10000.000000000000000 91.000000000000000 351.097626600445324 0.033333333333333 
10000.000000000000000 97.000000000000000 125.537403304051125 0.004166666666667 
10000.000000000000000 97.000000000000000 145.469638212492242 0.007500000000000 
10000.000000000000000 97.000000000000000 240.938503507416584 0.020833333333333 
10000.000000000000000 97.000000000000000 340.293902436493511 0.032500000000000 
10000.000000000000000 97.000000000000000 416.925098220106065 0.040833333333333 
10000.000000000000000 98.000000000000000 155.082790090812097 0.009166666666667 
10000.000000000000000 98.000000000000000 166.119572874477626 0.010833333333333 
10000.000000000000000 98.000000000000000 177.555986896717457 0.012500000000000 
10000.000000000000000 98.000000000000000 253.657825250127019 0.022500000000000 
10000.000000000000000 98.000000000000000 332.323350869756723 0.031666666666667 
10000.000000000000000 98.000000000000000 408.753757402006670 0.040000000000000 
10000.000000000000000 105.000000000000000 189.739606148911321 0.015000000000000 
10000.000000000000000 105.000000000000000 235.337631861255659 0.020833333333333 
10000.000000000000000 105.000000000000000 263.106140133975714 0.024166666666667 
10000.000000000000000 105.000000000000000 314.097968418616119 0.030000000000000 
10000.000000000000000 105.000000000000000 359.709920800327097 0.035000000000000 
10000.000000000000000 105.000000000000000 375.220836028930478 0.036666666666667 
10000.000000000000000 105.000000000000000 406.617368178775337 0.040000000000000 
10000.000000000000000 112.000000000000000 231.307944632738611 0.020833333333333 
10000.000000000000000 112.000000000000000 274.083321726284908 0.025833333333333 
10000.000000000000000 112.000000000000000 334.299265903734238 0.032500000000000 
10000.000000000000000 123.000000000000000 99.236738541971192 0.003333333333333 
10000.000000000000000 123.000000000000000 172.183859322681315 0.014166666666667 
10000.000000000000000 123.000000000000000 371.091196541533577 0.036666666666667 
10000.000000000000000 123.000000000000000 379.094591935093433 0.037500000000000 
10000.000000000000000 128.000000000000000 182.808233368742663 0.015833333333333 
10000.000000000000000 132.000000000000000 174.441786672750368 0.015000000000000 
10000.000000000000000 132.000000000000000 194.718003811062317 0.017500000000000 
10000.000000000000000 132.000000000000000 244.998853591702243 0.023333333333333 
10000.000000000000000 132.000000000000000 298.375535281003522 0.029166666666667 
10000.000000000000000 132.000000000000000 329.839660661440234 0.032500000000000 
10000.000000000000000 134.000000000000000 124.171925702411855 0.008333333333333 
10000.000000000000000 134.000000000000000 193.972674488124625 0.017500000000000 
10000.000000000000000 134.000000000000000 208.005316409696178 0.019166666666667 
10000.000000000000000 134.000000000000000 244.447889115419315 0.023333333333333 
10000.000000000000000 134.000000000000000 274.746152824631736 0.026666666666667 
10000.000000000000000 134.000000000000000 290.200113577957438 0.028333333333333 
10000.000000000000000 135.000000000000000 135.315139811111635 0.010000000000000 
10000.000000000000000 135.000000000000000 141.332417515477800 0.010833333333333 
10000.000000000000000 141.000000000000000 104.237969946370612 0.005833333333333 
10000.000000000000000 141.000000000000000 126.647275161463952 0.009166666666667 
10000.000000000000000 141.000000000000000 213.057902732013332 0.020000000000000 
10000.000000000000000 141.000000000000000 257.933083580555945 0.025000000000000 
10000.000000000000000 141.000000000000000 273.352711352851145 0.026666666666667 
10000.000000000000000 141.000000000000000 288.956099748052054 0.028333333333333 
10000.000000000000000 147.000000000000000 124.123701863686350 0.009166666666667 
10000.000000000000000 147.000000000000000 162.174011199588790 0.014166666666667 
10000.000000000000000 147.000000000000000 249.112475153138206 0.024166666666667 
10000.000000000000000 151.000000000000000 89.362250003276245 0.004166666666667 
10000.000000000000000 151.000000000000000 160.899614016222358 0.014166666666667 
10000.000000000000000 151.000000000000000 167.708541903672256 0.015000000000000 
10000.000000000000000 151.000000000000000 256.154580435908883 0.025000000000000 
10000.000000000000000 151.000000000000000 263.942673424369559 0.025833333333333 
10000.000000000000000 153.000000000000000 153.573278720731423 0.013333333333333 
10000.000000000000000 153.000000000000000 217.614373480873724 0.020833333333333 
10000.000000000000000 153.000000000000000 225.141765566617806 0.021666666666667 
10000.000000000000000 153.000000000000000 311.321297840087425 0.030833333333333 
10000.000000000000000 153.000000000000000 400.993198588597352 0.040000000000000 
10000.000000000000000 153.000000000000000 417.476005118029661 0.041666666666667 
10000.000000000000000 159.000000000000000 81.127473323387306 0.003333333333333 
10000.000000000000000 159.000000000000000 132.159165049609214 0.010833333333333 
10000.000000000000000 159.000000000000000 165.514403230180108 0.015000000000000 
10000.000000000000000 159.000000000000000 172.526693638405590 0.015833333333333 
10000.000000000000000 159.000000000000000 201.513953214435361 0.019166666666667 
10000.000000000000000 159.000000000000000 216.492052336712703 0.020833333333333 
10000.000000000000000 159.000000000000000 239.449679535374173 0.023333333333333 
10000.000000000000000 159.000000000000000 262.889087322845853 0.025833333333333 
10000.000000000000000 159.000000000000000 278.731426402458624 0.027500000000000 
10000.000000000000000 159.000000000000000 302.754046241678509 0.030000000000000 
10000.000000000000000 159.000000000000000 351.480421971664612 0.035000000000000 
10000.000000000000000 165.000000000000000 130.364213225736307 0.010833333333333 
10000.000000000000000 165.000000000000000 207.922706715440654 0.020000000000000 
10000.000000000000000 165.000000000000000 215.509925026702945 0.020833333333333 
10000.000000000000000 165.000000000000000 246.459479264654249 0.024166666666667 
10000.000000000000000 165.000000000000000 367.632621634940278 0.036666666666667 
10000.000000000000000 165.000000000000000 417.162183466746342 0.041666666666667 
10000.000000000000000 168.000000000000000 99.131819704810610 0.006666666666667 
10000.000000000000000 168.000000000000000 238.278821373901934 0.023333333333333 
10000.000000000000000 168.000000000000000 318.358264646374835 0.031666666666667 
10000.000000000000000 175.000000000000000 161.963544784958998 0.015000000000000 
10000.000000000000000 175.000000000000000 191.294170871147458 0.018333333333333 
10000.000000000000000 175.000000000000000 367.339983851278930 0.036666666666667 
10000.000000000000000 180.000000000000000 73.968792560925777 0.003333333333333 
10000.000000000000000 180.000000000000000 79.079362674154638 0.004166666666667 
10000.000000000000000 180.000000000000000 101.426658416178100 0.007500000000000 
10000.000000000000000 180.000000000000000 126.524216727896416 0.010833333333333 
10000.000000000000000 180.000000000000000 277.098479076928982 0.027500000000000 
10000.000000000000000 180.000000000000000 334.247001469386475 0.033333333333333 
10000.000000000000000 186.000000000000000 118.640494263979932 0.010000000000000 
10000.000000000000000 186.000000000000000 125.207985600249387 0.010833333333333 
10000.000000000000000 186.000000000000000 160.035338703603287 0.015000000000000 
10000.000000000000000 186.000000000000000 325.850093369254637 0.032500000000000 
10000.000000000000000 192.000000000000000 81.143786388513305 0.005000000000000 
10000.000000000000000 192.000000000000000 104.590192960552230 0.008333333333333 
10000.000000000000000 192.000000000000000 110.900039936963267 0.009166666666667 
10000.000000000000000 192.000000000000000 117.372512602019114 0.010000000000000 
10000.000000000000000 195.000000000000000 69.824168317384050 0.003333333333333 
10000.000000000000000 195.000000000000000 173.579804114105457 0.016666666666667 
10000.000000000000000 195.000000000000000 317.393467220362368 0.031666666666667 
10000.000000000000000 195.000000000000000 342.155396647460861 0.034166666666667 
10000.000000000000000 195.000000000000000 358.707627885622117 0.035833333333333 
10000.000000000000000 200.000000000000000 54.303136168478133 0.000833333333333 
10000.000000000000000 200.000000000000000 102.904099211357334 0.008333333333333 
10000.000000000000000 200.000000000000000 309.045089323402124 0.030833333333333 
10000.000000000000000 200.000000000000000 325.542745155523392 0.032500000000000 
10000.000000000000000 200.000000000000000 383.540563056280803 0.038333333333333 
10000.000000000000000 206.000000000000000 52.849684596436553 0.000833333333333 
10000.000000000000000 206.000000000000000 121.537875502597615 0.010833333333333 
10000.000000000000000 206.000000000000000 128.442628878097622 0.011666666666667 
10000.000000000000000 206.000000000000000 211.355482746556504 0.020833333333333 
10000.000000000000000 206.000000000000000 267.850863578204383 0.026666666666667 
10000.000000000000000 206.000000000000000 308.926304329311677 0.030833333333333 
10000.000000000000000 206.000000000000000 358.587359913983732 0.035833333333333 
10000.000000000000000 206.000000000000000 383.498675580445479 0.038333333333333 
10000.000000000000000 206.000000000000000 416.759511881796129 0.041666666666667 
10000.000000000000000 212.000000000000000 65.858683327262710 0.003333333333333 
10000.000000000000000 212.000000000000000 391.780371440396436 0.039166666666667 
10000.000000000000000 217.000000000000000 119.904350715729421 0.010833333333333 
10000.000000000000000 217.000000000000000 134.047683363043518 0.012500000000000 
10000.000000000000000 217.000000000000000 259.357171150370959 0.025833333333333 
10000.000000000000000 217.000000000000000 300.492215703285183 0.030000000000000 
10000.000000000000000 217.000000000000000 308.757682491850574 0.030833333333333 
10000.000000000000000 217.000000000000000 341.899879666344930 0.034166666666667 
10000.000000000000000 217.000000000000000 358.505754908645997 0.035833333333333 
10000.000000000000000 224.000000000000000 48.957622939928548 0.000833333333333 
10000.000000000000000 224.000000000000000 118.981077778990780 0.010833333333333 
10000.000000000000000 224.000000000000000 210.409105941579469 0.020833333333333 
10000.000000000000000 224.000000000000000 375.098357970032225 0.037500000000000 
10000.000000000000000 224.000000000000000 383.417323678432865 0.038333333333333 
10000.000000000000000 225.000000000000000 58.164278674686116 0.002500000000000 
10000.000000000000000 225.000000000000000 68.572330879290803 0.004166666666667 
10000.000000000000000 225.000000000000000 105.162833306066716 0.009166666666667 
10000.000000000000000 225.000000000000000 147.909718931807504 0.014166666666667 
10000.000000000000000 225.000000000000000 275.615732575723769 0.027500000000000 
10000.000000000000000 225.000000000000000 341.844887558555001 0.034166666666667 
10000.000000000000000 227.000000000000000 68.207578125083586 0.004166666666667 
10000.000000000000000 227.000000000000000 118.610261463052694 0.010833333333333 
10000.000000000000000 227.000000000000000 218.349176767908943 0.021666666666667 
10000.000000000000000 227.000000000000000 234.581889454186694 0.023333333333333 
10000.000000000000000 227.000000000000000 250.923045492954174 0.025000000000000 
10000.000000000000000 227.000000000000000 283.832981687355641 0.028333333333333 
10000.000000000000000 227.000000000000000 350.142162485098709 0.035000000000000 
10000.000000000000000 228.000000000000000 147.640853631839661 0.014166666666667 
10000.000000000000000 228.000000000000000 194.227627280831683 0.019166666666667 
10000.000000000000000 228.000000000000000 300.355425225884744 0.030000000000000 
10000.000000000000000 228.000000000000000 366.766360173547525 0.036666666666667 
10000.000000000000000 228.000000000000000 375.084887068979128 0.037500000000000 
10000.000000000000000 232.000000000000000 84.823309047139972 0.006666666666667 
10000.000000000000000 232.000000000000000 210.090785483209032 0.020833333333333 
10000.000000000000000 232.000000000000000 226.296547579444251 0.022500000000000 
10000.000000000000000 232.000000000000000 234.445242751735663 0.023333333333333 
10000.000000000000000 236.000000000000000 124.742322906342849 0.011666666666667 
10000.000000000000000 236.000000000000000 193.862626024117418 0.019166666666667 
10000.000000000000000 236.000000000000000 242.532230630607074 0.024166666666667 
10000.000000000000000 243.000000000000000 71.185487133053115 0.005000000000000 
10000.000000000000000 243.000000000000000 109.782238640023166 0.010000000000000 
10000.000000000000000 243.000000000000000 169.724031563411103 0.016666666666667 
10000.000000000000000 243.000000000000000 217.857996563707218 0.021666666666667 
10000.000000000000000 245.000000000000000 49.748755695831427 0.001666666666667 
10000.000000000000000 245.000000000000000 138.739371985173307 0.013333333333333 
10000.000000000000000 245.000000000000000 169.622848324496005 0.016666666666667 
10000.000000000000000 245.000000000000000 333.441504639526045 0.033333333333333 
10000.000000000000000 245.000000000000000 341.757665762926422 0.034166666666667 
10000.000000000000000 245.000000000000000 383.371449101692065 0.038333333333333 
10000.000000000000000 247.000000000000000 49.422571005078801 0.001666666666667 
10000.000000000000000 247.000000000000000 59.477865890124420 0.003333333333333 
10000.000000000000000 247.000000000000000 138.592469275976100 0.013333333333333 
10000.000000000000000 247.000000000000000 153.891363601211225 0.015000000000000 
10000.000000000000000 247.000000000000000 217.759613347339723 0.021666666666667 
10000.000000000000000 247.000000000000000 267.068036616159816 0.026666666666667 
10000.000000000000000 247.000000000000000 300.202590900070447 0.030000000000000 
10000.000000000000000 249.000000000000000 44.487974559962161 0.000833333333333 
10000.000000000000000 249.000000000000000 76.250142675726494 0.005833333333333 
10000.000000000000000 249.000000000000000 333.428204227501965 0.033333333333333 
10000.000000000000000 249.000000000000000 400.022950038736610 0.040000000000000 
10000.000000000000000 254.000000000000000 145.757972492033360 0.014166666666667 
10000.000000000000000 254.000000000000000 161.317175719868459 0.015833333333333 
10000.000000000000000 254.000000000000000 341.733916634276852 0.034166666666667 
10000.000000000000000 257.000000000000000 52.786909165454198 0.002500000000000 
10000.000000000000000 257.000000000000000 153.341070444710311 0.015000000000000 
10000.000000000000000 257.000000000000000 209.379351648546361 0.020833333333333 
10000.000000000000000 257.000000000000000 308.459157799944649 0.030833333333333 
10000.000000000000000 258.000000000000000 47.720211306006533 0.001666666666667 
10000.000000000000000 258.000000000000000 75.074129093571457 0.005833333333333 
10000.000000000000000 258.000000000000000 169.043083234760132 0.016666666666667 
10000.000000000000000 258.000000000000000 225.725177464985762 0.022500000000000 
10000.000000000000000 258.000000000000000 283.543260965938259 0.028333333333333 
10000.000000000000000 264.000000000000000 100.722345175154288 0.009166666666667 
10000.000000000000000 264.000000000000000 333.391340063958694 0.033333333333333 
10000.000000000000000 270.000000000000000 67.577956242399296 0.005000000000000 
10000.000000000000000 270.000000000000000 192.811987244842413 0.019166666666667 
10000.000000000000000 270.000000000000000 275.181353003944139 0.027500000000000 
10000.000000000000000 275.000000000000000 40.704390738405465 0.000833333333333 
10000.000000000000000 275.000000000000000 45.361096359349780 0.001666666666667 
10000.000000000000000 277.000000000000000 40.442881899516870 0.000833333333333 
10000.000000000000000 277.000000000000000 50.075739969318768 0.002500000000000 
10000.000000000000000 277.000000000000000 114.101735975438260 0.010833333333333 
10000.000000000000000 277.000000000000000 144.603600015147748 0.014166666666667 
10000.000000000000000 277.000000000000000 275.149969314687610 0.027500000000000 
10000.000000000000000 277.000000000000000 400.007653028218101 0.040000000000000 
10000.000000000000000 279.000000000000000 85.650209104074960 0.007500000000000 
10000.000000000000000 279.000000000000000 99.465393635281160 0.009166666666667 
10000.000000000000000 279.000000000000000 241.975955710387240 0.024166666666667 
10000.000000000000000 279.000000000000000 316.719533418680442 0.031666666666667 
10000.000000000000000 283.000000000000000 152.252550941243214 0.015000000000000 
10000.000000000000000 283.000000000000000 308.390450750189757 0.030833333333333 
10000.000000000000000 283.000000000000000 350.020700209358779 0.035000000000000 
10000.000000000000000 286.000000000000000 113.542971713928750 0.010833333333333 
10000.000000000000000 286.000000000000000 144.247980068366303 0.014166666666667 
10000.000000000000000 286.000000000000000 283.429305533000729 0.028333333333333 
10000.000000000000000 286.000000000000000 291.745025860175019 0.029166666666667 
10000.000000000000000 289.000000000000000 48.635753837735869 0.002500000000000 
10000.000000000000000 289.000000000000000 98.732841443964119 0.009166666666667 
10000.000000000000000 289.000000000000000 113.369558181459524 0.010833333333333 
10000.000000000000000 289.000000000000000 144.139448812056941 0.014166666666667 
10000.000000000000000 289.000000000000000 152.057412556992972 0.015000000000000 
10000.000000000000000 294.000000000000000 98.394564066792910 0.009166666666667 
10000.000000000000000 294.000000000000000 136.104663783741046 0.013333333333333 
10000.000000000000000 294.000000000000000 283.410077376486356 0.028333333333333 
10000.000000000000000 294.000000000000000 308.374228569740808 0.030833333333333 
10000.000000000000000 295.000000000000000 42.939452407603682 0.001666666666667 
10000.000000000000000 295.000000000000000 136.067451164919731 0.013333333333333 
10000.000000000000000 295.000000000000000 143.936096325220092 0.014166666666667 
10000.000000000000000 295.000000000000000 233.592397938577591 0.023333333333333 
10000.000000000000000 299.000000000000000 83.994556453491896 0.007500000000000 
10000.000000000000000 299.000000000000000 128.122562074077706 0.012500000000000 
10000.000000000000000 299.000000000000000 159.790927785782401 0.015833333333333 
10000.000000000000000 299.000000000000000 250.155515732767242 0.025000000000000 
10000.000000000000000 306.000000000000000 46.797057607188165 0.002500000000000 
10000.000000000000000 306.000000000000000 83.484343941788936 0.007500000000000 
10000.000000000000000 306.000000000000000 167.733194323463721 0.016666666666667 
10000.000000000000000 306.000000000000000 325.018262040567265 0.032500000000000 
10000.000000000000000 306.000000000000000 375.004804814048839 0.037500000000000 
10000.000000000000000 312.000000000000000 119.880832303751802 0.011666666666667 
10000.000000000000000 312.000000000000000 127.647041840498048 0.012500000000000 
10000.000000000000000 312.000000000000000 325.015073172877010 0.032500000000000 
10000.000000000000000 314.000000000000000 36.208498745352749 0.000833333333333 
10000.000000000000000 314.000000000000000 63.199990608034206 0.005000000000000 
10000.000000000000000 314.000000000000000 183.946026469546723 0.018333333333333 
10000.000000000000000 314.000000000000000 192.161741300644621 0.019166666666667 
10000.000000000000000 314.000000000000000 258.419275746397204 0.025833333333333 
10000.000000000000000 314.000000000000000 291.701695488251630 0.029166666666667 
10000.000000000000000 316.000000000000000 97.098375504264752 0.009166666666667 
10000.000000000000000 319.000000000000000 82.619183114355209 0.007500000000000 
10000.000000000000000 319.000000000000000 89.686833556652076 0.008333333333333 
10000.000000000000000 319.000000000000000 151.309783552504399 0.015000000000000 
10000.000000000000000 319.000000000000000 167.525904667197807 0.016666666666667 
10000.000000000000000 319.000000000000000 183.892662163165255 0.018333333333333 
10000.000000000000000 319.000000000000000 266.726932138584800 0.026666666666667 
10000.000000000000000 319.000000000000000 300.024103575261847 0.030000000000000 
10000.000000000000000 329.000000000000000 34.764542758884588 0.000833333333333 
10000.000000000000000 329.000000000000000 127.134508845402209 0.012500000000000 
10000.000000000000000 329.000000000000000 216.854353326148527 0.021666666666667 
10000.000000000000000 329.000000000000000 275.036573641089262 0.027500000000000 
10000.000000000000000 334.000000000000000 55.509705402508708 0.004166666666667 
10000.000000000000000 334.000000000000000 68.092356045560081 0.005833333333333 
10000.000000000000000 334.000000000000000 127.003901696727141 0.012500000000000 
10000.000000000000000 334.000000000000000 151.045804619289015 0.015000000000000 
10000.000000000000000 334.000000000000000 159.171176883502909 0.015833333333333 
10000.000000000000000 334.000000000000000 167.336463857584022 0.016666666666667 
10000.000000000000000 334.000000000000000 200.268630648077419 0.020000000000000 
10000.000000000000000 334.000000000000000 241.749761371580803 0.024166666666667 
10000.000000000000000 335.000000000000000 61.583298830829406 0.005000000000000 
10000.000000000000000 335.000000000000000 81.684120571250958 0.007500000000000 
10000.000000000000000 335.000000000000000 119.112430133584397 0.011666666666667 
10000.000000000000000 335.000000000000000 159.158049774843846 0.015833333333333 
10000.000000000000000 335.000000000000000 183.751253913970885 0.018333333333333 
10000.000000000000000 335.000000000000000 208.541936604061931 0.020833333333333 
10000.000000000000000 338.000000000000000 119.027095340693066 0.011666666666667 
10000.000000000000000 338.000000000000000 200.248147813156294 0.020000000000000 
10000.000000000000000 338.000000000000000 225.121959833640545 0.022500000000000 
10000.000000000000000 340.000000000000000 55.058990852143708 0.004166666666667 
10000.000000000000000 340.000000000000000 103.513415832109075 0.010000000000000 
10000.000000000000000 340.000000000000000 241.738666185869903 0.024166666666667 
10000.000000000000000 340.000000000000000 350.002913082132181 0.035000000000000 
10000.000000000000000 347.000000000000000 37.973926688411780 0.001666666666667 
10000.000000000000000 347.000000000000000 74.048843831286860 0.006666666666667 
10000.000000000000000 347.000000000000000 110.972145392040488 0.010833333333333 
10000.000000000000000 347.000000000000000 167.206530669279744 0.016666666666667 
10000.000000000000000 347.000000000000000 183.669241344112208 0.018333333333333 
10000.000000000000000 347.000000000000000 216.794236197079101 0.021666666666667 
10000.000000000000000 347.000000000000000 250.047516151010939 0.025000000000000 
10000.000000000000000 347.000000000000000 275.022442587893011 0.027500000000000 
10000.000000000000000 348.000000000000000 67.213005837783086 0.005833333333333 
10000.000000000000000 348.000000000000000 110.943183326748439 0.010833333333333 
10000.000000000000000 355.000000000000000 103.011608225377742 0.010000000000000 
10000.000000000000000 355.000000000000000 126.538101495722898 0.012500000000000 
10000.000000000000000 355.000000000000000 150.763574519065202 0.015000000000000 
10000.000000000000000 355.000000000000000 175.370884889549103 0.017500000000000 
10000.000000000000000 355.000000000000000 233.398199709001574 0.023333333333333 
10000.000000000000000 359.000000000000000 110.645252275767831 0.010833333333333 
10000.000000000000000 359.000000000000000 325.003352402708288 0.032500000000000 
10000.000000000000000 359.000000000000000 375.000682813698972 0.037500000000000 
10000.000000000000000 363.000000000000000 41.945537889553286 0.002500000000000 
10000.000000000000000 363.000000000000000 47.537413317298679 0.003333333333333 
10000.000000000000000 363.000000000000000 53.490941958783466 0.004166666666667 
10000.000000000000000 363.000000000000000 102.774775516179034 0.010000000000000 
10000.000000000000000 363.000000000000000 158.863572127955194 0.015833333333333 
10000.000000000000000 370.000000000000000 47.075527107421145 0.003333333333333 
10000.000000000000000 370.000000000000000 300.005337720645912 0.030000000000000 
10000.000000000000000 373.000000000000000 46.883523808595271 0.003333333333333 
10000.000000000000000 373.000000000000000 134.293699746345283 0.013333333333333 
10000.000000000000000 373.000000000000000 142.416178378676278 0.014166666666667 
10000.000000000000000 373.000000000000000 208.428569287618217 0.020833333333333 
10000.000000000000000 373.000000000000000 300.004884763153882 0.030000000000000 
10000.000000000000000 373.000000000000000 400.000177265665457 0.040000000000000 
10000.000000000000000 374.000000000000000 150.574714623132337 0.015000000000000 
10000.000000000000000 374.000000000000000 216.738163295106858 0.021666666666667 
10000.000000000000000 374.000000000000000 275.010788103531468 0.027500000000000 
10000.000000000000000 374.000000000000000 400.000170447752339 0.040000000000000 
10000.000000000000000 379.000000000000000 46.509766682175545 0.003333333333333 
10000.000000000000000 379.000000000000000 142.355218270823997 0.014166666666667 
10000.000000000000000 379.000000000000000 325.001768287428831 0.032500000000000 
10000.000000000000000 382.000000000000000 52.362184829772737 0.004166666666667 
10000.000000000000000 382.000000000000000 102.285866395732327 0.010000000000000 
10000.000000000000000 382.000000000000000 233.368127097173641 0.023333333333333 
10000.000000000000000 386.000000000000000 250.018136750267871 0.025000000000000 
10000.000000000000000 389.000000000000000 72.104550820576492 0.006666666666667 
10000.000000000000000 389.000000000000000 79.336577785476564 0.007500000000000 
10000.000000000000000 389.000000000000000 94.378777139824422 0.009166666666667 
10000.000000000000000 389.000000000000000 134.109227924552755 0.013333333333333 
10000.000000000000000 393.000000000000000 39.989333256823706 0.002500000000000 
10000.000000000000000 393.000000000000000 208.396376352046957 0.020833333333333 
10000.000000000000000 393.000000000000000 225.035856530758963 0.022500000000000 
10000.000000000000000 393.000000000000000 300.002704555268451 0.030000000000000 
10000.000000000000000 395.000000000000000 34.577949872597181 0.001666666666667 
10000.000000000000000 395.000000000000000 64.851751375942840 0.005833333333333 
10000.000000000000000 395.000000000000000 142.215906417642373 0.014166666666667 
10000.000000000000000 395.000000000000000 183.473627464299767 0.018333333333333 
10000.000000000000000 395.000000000000000 400.000074798183221 0.040000000000000 
10000.000000000000000 402.000000000000000 133.985896977536981 0.013333333333333 
10000.000000000000000 402.000000000000000 200.069809175650676 0.020000000000000 
10000.000000000000000 402.000000000000000 208.385695927960370 0.020833333333333 
10000.000000000000000 408.000000000000000 300.001735945506596 0.030000000000000 
10000.000000000000000 408.000000000000000 325.000699422632749 0.032500000000000 
10000.000000000000000 414.000000000000000 175.133081957693861 0.017500000000000 
10000.000000000000000 416.000000000000000 28.455303108147284 0.000833333333333 
10000.000000000000000 416.000000000000000 44.473137821216127 0.003333333333333 
10000.000000000000000 416.000000000000000 166.838855902287861 0.016666666666667 
10000.000000000000000 416.000000000000000 183.429106743146377 0.018333333333333 
10000.000000000000000 416.000000000000000 191.737902777588516 0.019166666666667 
10000.000000000000000 418.000000000000000 350.000199068286406 0.035000000000000 
17620.000000000000000 42.000000000000000 450.273154833610477 0.003333333333333 
17620.000000000000000 42.000000000000000 474.228219116554669 0.005833333333333 
17620.000000000000000 42.000000000000000 533.062194536960192 0.011666666666667 
17620.000000000000000 42.000000000000000 605.218134614909786 0.018333333333333 
17620.000000000000000 42.000000000000000 614.596379709551570 0.019166666666667 
17620.000000000000000 42.000000000000000 692.388344245977578 0.025833333333333 
17620.000000000000000 42.000000000000000 712.583674369756864 0.027500000000000 
17620.000000000000000 42.000000000000000 753.836724560178936 0.030833333333333 
17620.000000000000000 48.000000000000000 390.006841551676928 0.002500000000000 
17620.000000000000000 48.000000000000000 421.932830952242398 0.005833333333333 
17620.000000000000000 48.000000000000000 464.002180310566985 0.010000000000000 
17620.000000000000000 48.000000000000000 526.840082934550423 0.015833333333333 
17620.000000000000000 48.000000000000000 545.615545287832219 0.017500000000000 
17620.000000000000000 48.000000000000000 686.673977526580302 0.029166666666667 
17620.000000000000000 48.000000000000000 819.776517313280692 0.039166666666667 
17620.000000000000000 51.000000000000000 469.321240415948182 0.012500000000000 
17620.000000000000000 51.000000000000000 478.380466479490906 0.013333333333333 
17620.000000000000000 51.000000000000000 496.790415612872550 0.015000000000000 
17620.000000000000000 51.000000000000000 515.584350308225112 0.016666666666667 
17620.000000000000000 51.000000000000000 534.756288876259418 0.018333333333333 
17620.000000000000000 51.000000000000000 574.208300423684250 0.021666666666667 
17620.000000000000000 51.000000000000000 625.528572766984780 0.025833333333333 
17620.000000000000000 51.000000000000000 723.154978086871893 0.033333333333333 
17620.000000000000000 57.000000000000000 443.287996502324461 0.013333333333333 
17620.000000000000000 57.000000000000000 626.711049319381118 0.028333333333333 
17620.000000000000000 63.000000000000000 287.204934446753839 0.000833333333333 
17620.000000000000000 63.000000000000000 396.502267108174976 0.011666666666667 
17620.000000000000000 63.000000000000000 405.771723899859751 0.012500000000000 
17620.000000000000000 63.000000000000000 684.457582047439928 0.034166666666667 
17620.000000000000000 69.000000000000000 401.855809804980879 0.014166666666667 
17620.000000000000000 69.000000000000000 421.590378081708366 0.015833333333333 
17620.000000000000000 69.000000000000000 572.642100661516906 0.027500000000000 
17620.000000000000000 69.000000000000000 643.462344652148545 0.032500000000000 
17620.000000000000000 69.000000000000000 755.241181589926782 0.040000000000000 
17620.000000000000000 74.000000000000000 269.075473680025880 0.003333333333333 
17620.000000000000000 74.000000000000000 338.111919419365506 0.010000000000000 
17620.000000000000000 80.000000000000000 349.695753367928717 0.012500000000000 
17620.000000000000000 80.000000000000000 369.544573904506876 0.014166666666667 
17620.000000000000000 80.000000000000000 523.183412003148192 0.025833333333333 
17620.000000000000000 80.000000000000000 620.698024569053359 0.032500000000000 
17620.000000000000000 81.000000000000000 347.176699575056773 0.012500000000000 
17620.000000000000000 81.000000000000000 377.247620870392439 0.015000000000000 
17620.000000000000000 81.000000000000000 594.047394061648333 0.030833333333333 
17620.000000000000000 81.000000000000000 735.481107929185896 0.040000000000000 
17620.000000000000000 86.000000000000000 235.990503475003464 0.003333333333333 
17620.000000000000000 86.000000000000000 355.711884114516067 0.014166666666667 
17620.000000000000000 86.000000000000000 387.089522294229766 0.016666666666667 
17620.000000000000000 86.000000000000000 430.876148981025153 0.020000000000000 
17620.000000000000000 86.000000000000000 524.409379874914293 0.026666666666667 
17620.000000000000000 86.000000000000000 573.757179509577554 0.030000000000000 
17620.000000000000000 86.000000000000000 729.823655719879071 0.040000000000000 
17620.000000000000000 86.000000000000000 743.271724521684973 0.040833333333333 
17620.000000000000000 93.000000000000000 237.378847631628616 0.005000000000000 
17620.000000000000000 93.000000000000000 282.375103691964625 0.009166666666667 
17620.000000000000000 93.000000000000000 642.924514379480115 0.035000000000000 
17620.000000000000000 93.000000000000000 683.010429242584792 0.037500000000000 
17620.000000000000000 95.000000000000000 250.962985123041875 0.006666666666667 
17620.000000000000000 95.000000000000000 349.172247957351885 0.015000000000000 
17620.000000000000000 95.000000000000000 511.878119091774124 0.026666666666667 
17620.000000000000000 95.000000000000000 524.396073240658893 0.027500000000000 
17620.000000000000000 95.000000000000000 537.013456711558888 0.028333333333333 
17620.000000000000000 95.000000000000000 588.405932415977531 0.031666666666667 
17620.000000000000000 95.000000000000000 749.677736472833431 0.041666666666667 
17620.000000000000000 101.000000000000000 181.972724127421372 0.000833333333333 
17620.000000000000000 101.000000000000000 318.523779287674358 0.013333333333333 
17620.000000000000000 101.000000000000000 395.903234376752039 0.019166666666667 
17620.000000000000000 101.000000000000000 556.724215480413136 0.030000000000000 
17620.000000000000000 101.000000000000000 732.342529778988478 0.040833333333333 
17620.000000000000000 102.000000000000000 296.343929873268223 0.011666666666667 
17620.000000000000000 102.000000000000000 306.604582568154115 0.012500000000000 
17620.000000000000000 102.000000000000000 383.084045042953846 0.018333333333333 
17620.000000000000000 102.000000000000000 731.829388939302476 0.040833333333333 
17620.000000000000000 106.000000000000000 223.350092597873669 0.005833333333333 
17620.000000000000000 106.000000000000000 232.351410421757151 0.006666666666667 
17620.000000000000000 106.000000000000000 322.135191334750857 0.014166666666667 
17620.000000000000000 106.000000000000000 344.065206177309562 0.015833333333333 
17620.000000000000000 106.000000000000000 355.274179238058821 0.016666666666667 
17620.000000000000000 106.000000000000000 539.533967458273878 0.029166666666667 
17620.000000000000000 106.000000000000000 565.918180504957263 0.030833333333333 
17620.000000000000000 106.000000000000000 606.085317032419880 0.033333333333333 
17620.000000000000000 106.000000000000000 674.369422714172742 0.037500000000000 
17620.000000000000000 111.000000000000000 243.931151819313556 0.008333333333333 
17620.000000000000000 111.000000000000000 253.628849481190116 0.009166666666667 
17620.000000000000000 111.000000000000000 338.106965369370982 0.015833333333333 
17620.000000000000000 111.000000000000000 372.635241111449545 0.018333333333333 
17620.000000000000000 111.000000000000000 496.618440499832104 0.026666666666667 
17620.000000000000000 111.000000000000000 630.546444006744309 0.035000000000000 
17620.000000000000000 116.000000000000000 404.037173544666928 0.020833333333333 
17620.000000000000000 122.000000000000000 184.525563040305769 0.004166666666667 
17620.000000000000000 122.000000000000000 202.266240597127847 0.005833333333333 
17620.000000000000000 122.000000000000000 240.528759633061981 0.009166666666667 
17620.000000000000000 122.000000000000000 556.987547881643650 0.030833333333333 
17620.000000000000000 122.000000000000000 612.175185651709626 0.034166666666667 
17620.000000000000000 122.000000000000000 626.117445816855138 0.035000000000000 
17620.000000000000000 122.000000000000000 668.238287299824492 0.037500000000000 
17620.000000000000000 124.000000000000000 157.403468137767533 0.001666666666667 
17620.000000000000000 124.000000000000000 191.013528837135908 0.005000000000000 
17620.000000000000000 124.000000000000000 218.764318005163602 0.007500000000000 
17620.000000000000000 124.000000000000000 373.155884850423718 0.019166666666667 
17620.000000000000000 124.000000000000000 597.579975881453493 0.033333333333333 
17620.000000000000000 129.000000000000000 286.893462982482504 0.013333333333333 
17620.000000000000000 129.000000000000000 309.671334772216710 0.015000000000000 
17620.000000000000000 129.000000000000000 369.643098573874624 0.019166666666667 
17620.000000000000000 129.000000000000000 382.099883664543540 0.020000000000000 
17620.000000000000000 129.000000000000000 499.644006815287128 0.027500000000000 
17620.000000000000000 129.000000000000000 666.522302620112782 0.037500000000000 
17620.000000000000000 135.000000000000000 198.351651612525956 0.006666666666667 
17620.000000000000000 135.000000000000000 293.565240586269283 0.014166666666667 
17620.000000000000000 135.000000000000000 430.249880657316453 0.023333333333333 
17620.000000000000000 135.000000000000000 580.386764104311169 0.032500000000000 
17620.000000000000000 135.000000000000000 665.370289383529553 0.037500000000000 
17620.000000000000000 138.000000000000000 205.393511033775525 0.007500000000000 
17620.000000000000000 138.000000000000000 303.145149094472458 0.015000000000000 
17620.000000000000000 138.000000000000000 315.028817394308533 0.015833333333333 
17620.000000000000000 138.000000000000000 469.071327884404923 0.025833333333333 
17620.000000000000000 138.000000000000000 679.213652960418244 0.038333333333333 
17620.000000000000000 141.000000000000000 156.827544646579526 0.003333333333333 
17620.000000000000000 141.000000000000000 266.485310472952790 0.012500000000000 
17620.000000000000000 141.000000000000000 468.019464452941463 0.025833333333333 
17620.000000000000000 141.000000000000000 564.931984784315887 0.031666666666667 
17620.000000000000000 141.000000000000000 693.194469829304580 0.039166666666667 
17620.000000000000000 146.000000000000000 136.063217381492365 0.001666666666667 
17620.000000000000000 146.000000000000000 209.078826181322682 0.008333333333333 
17620.000000000000000 146.000000000000000 230.004040852534587 0.010000000000000 
17620.000000000000000 146.000000000000000 298.223415473307682 0.015000000000000 
17620.000000000000000 146.000000000000000 360.248768232634120 0.019166666666667 
17620.000000000000000 146.000000000000000 578.070407400770478 0.032500000000000 
17620.000000000000000 149.000000000000000 158.975933840095280 0.004166666666667 
17620.000000000000000 149.000000000000000 261.296243260631115 0.012500000000000 
17620.000000000000000 149.000000000000000 308.699247465849112 0.015833333333333 
17620.000000000000000 149.000000000000000 358.922962020228056 0.019166666666667 
17620.000000000000000 149.000000000000000 465.596074776816067 0.025833333333333 
17620.000000000000000 149.000000000000000 649.101126204418051 0.036666666666667 
17620.000000000000000 154.000000000000000 409.766360181077857 0.022500000000000 
17620.000000000000000 154.000000000000000 506.081874667618195 0.028333333333333 
17620.000000000000000 154.000000000000000 648.599168124408379 0.036666666666667 
17620.000000000000000 155.000000000000000 154.538422021947667 0.004166666666667 
17620.000000000000000 155.000000000000000 163.631251190025097 0.005000000000000 
17620.000000000000000 155.000000000000000 356.512750051094486 0.019166666666667 
17620.000000000000000 155.000000000000000 409.463716412253916 0.022500000000000 
17620.000000000000000 155.000000000000000 477.954268622843358 0.026666666666667 
17620.000000000000000 161.000000000000000 124.870842588572813 0.001666666666667 
17620.000000000000000 161.000000000000000 169.057573990551589 0.005833333333333 
17620.000000000000000 161.000000000000000 254.721985420635207 0.012500000000000 
17620.000000000000000 161.000000000000000 266.528339334478915 0.013333333333333 
17620.000000000000000 161.000000000000000 367.560050531577531 0.020000000000000 
17620.000000000000000 161.000000000000000 435.126524011789343 0.024166666666667 
17620.000000000000000 161.000000000000000 490.773089149179270 0.027500000000000 
17620.000000000000000 168.000000000000000 146.047019311184727 0.004166666666667 
17620.000000000000000 168.000000000000000 174.670266319876276 0.006666666666667 
17620.000000000000000 168.000000000000000 300.441186042022309 0.015833333333333 
17620.000000000000000 168.000000000000000 447.567224536068409 0.025000000000000 
17620.000000000000000 168.000000000000000 546.610062305778797 0.030833333333333 
17620.000000000000000 168.000000000000000 691.204322759804313 0.039166666666667 
17620.000000000000000 175.000000000000000 160.942155969079352 0.005833333333333 
17620.000000000000000 175.000000000000000 531.613573147375178 0.030000000000000 
17620.000000000000000 179.000000000000000 113.929496767858751 0.001666666666667 
17620.000000000000000 179.000000000000000 271.504708219898475 0.014166666666667 
17620.000000000000000 179.000000000000000 322.814109638268917 0.017500000000000 
17620.000000000000000 179.000000000000000 445.865772174092001 0.025000000000000 
17620.000000000000000 179.000000000000000 647.093646924507880 0.036666666666667 
17620.000000000000000 179.000000000000000 734.659428168874570 0.041666666666667 
17620.000000000000000 185.000000000000000 155.955850891935711 0.005833333333333 
17620.000000000000000 185.000000000000000 588.699212303725403 0.033333333333333 
17620.000000000000000 186.000000000000000 175.995008076428803 0.007500000000000 
17620.000000000000000 186.000000000000000 232.441774369316960 0.011666666666667 
17620.000000000000000 186.000000000000000 588.655052538956056 0.033333333333333 
17620.000000000000000 193.000000000000000 183.900236540603203 0.008333333333333 
17620.000000000000000 193.000000000000000 472.809734593708527 0.026666666666667 
17620.000000000000000 193.000000000000000 487.142763833023537 0.027500000000000 
17620.000000000000000 193.000000000000000 544.835340523468290 0.030833333333333 
17620.000000000000000 193.000000000000000 559.329880813038926 0.031666666666667 
17620.000000000000000 199.000000000000000 121.274672557907707 0.003333333333333 
17620.000000000000000 199.000000000000000 139.983745442891347 0.005000000000000 
17620.000000000000000 199.000000000000000 305.038114599255039 0.016666666666667 
17620.000000000000000 199.000000000000000 387.204232055886507 0.021666666666667 
17620.000000000000000 199.000000000000000 429.525456098278596 0.024166666666667 
17620.000000000000000 199.000000000000000 544.576207925638641 0.030833333333333 
17620.000000000000000 205.000000000000000 202.540934889135372 0.010000000000000 
17620.000000000000000 205.000000000000000 251.584984117768670 0.013333333333333 
17620.000000000000000 205.000000000000000 414.800490352328268 0.023333333333333 
17620.000000000000000 205.000000000000000 515.337426980373266 0.029166666666667 
17620.000000000000000 205.000000000000000 631.846978761190144 0.035833333333333 
17620.000000000000000 205.000000000000000 705.027180632450381 0.040000000000000 
17620.000000000000000 210.000000000000000 99.512071946495453 0.001666666666667 
17620.000000000000000 210.000000000000000 166.904044218782332 0.007500000000000 
17620.000000000000000 210.000000000000000 189.386970775043380 0.009166666666667 
17620.000000000000000 210.000000000000000 573.344229040043160 0.032500000000000 
17620.000000000000000 210.000000000000000 646.402624604358039 0.036666666666667 
17620.000000000000000 210.000000000000000 734.305609382689681 0.041666666666667 
17620.000000000000000 214.000000000000000 399.869546873084630 0.022500000000000 
17620.000000000000000 214.000000000000000 704.959598798801608 0.040000000000000 
17620.000000000000000 216.000000000000000 457.034128449391858 0.025833333333333 
17620.000000000000000 216.000000000000000 704.947555540197072 0.040000000000000 
17620.000000000000000 217.000000000000000 223.612251628101177 0.011666666666667 
17620.000000000000000 217.000000000000000 371.315297542348389 0.020833333333333 
17620.000000000000000 217.000000000000000 675.625917912786463 0.038333333333333 
17620.000000000000000 224.000000000000000 94.320339094581598 0.001666666666667 
17620.000000000000000 224.000000000000000 151.714482033773919 0.006666666666667 
17620.000000000000000 224.000000000000000 209.644659046581751 0.010833333333333 
17620.000000000000000 224.000000000000000 660.923306743196918 0.037500000000000 
17620.000000000000000 230.000000000000000 109.813066126908964 0.003333333333333 
17620.000000000000000 230.000000000000000 172.394095909082750 0.008333333333333 
17620.000000000000000 230.000000000000000 470.973852670749352 0.026666666666667 
17620.000000000000000 230.000000000000000 514.608120165817809 0.029166666666667 
17620.000000000000000 230.000000000000000 660.888951824431274 0.037500000000000 
17620.000000000000000 231.000000000000000 220.708192967543539 0.011666666666667 
17620.000000000000000 231.000000000000000 384.485919972984107 0.021666666666667 
17620.000000000000000 231.000000000000000 398.786221365983522 0.022500000000000 
17620.000000000000000 231.000000000000000 631.568882002838109 0.035833333333333 
17620.000000000000000 238.000000000000000 341.440192985643534 0.019166666666667 
17620.000000000000000 238.000000000000000 427.270421801676491 0.024166666666667 
17620.000000000000000 238.000000000000000 499.880468080224148 0.028333333333333 
17620.000000000000000 238.000000000000000 543.678235935650605 0.030833333333333 
17620.000000000000000 244.000000000000000 218.455936711454456 0.011666666666667 
17620.000000000000000 244.000000000000000 369.496731585351313 0.020833333333333 
17620.000000000000000 244.000000000000000 441.567514936452255 0.025000000000000 
17620.000000000000000 244.000000000000000 528.990089901834608 0.030000000000000 
17620.000000000000000 251.000000000000000 156.073219892302689 0.007500000000000 
17620.000000000000000 251.000000000000000 230.445664555988600 0.012500000000000 
17620.000000000000000 251.000000000000000 485.085277053030893 0.027500000000000 
17620.000000000000000 251.000000000000000 499.683198555994181 0.028333333333333 
17620.000000000000000 251.000000000000000 558.189711809303503 0.031666666666667 
17620.000000000000000 256.000000000000000 102.429508715850801 0.003333333333333 
17620.000000000000000 256.000000000000000 499.624499993812265 0.028333333333333 
17620.000000000000000 256.000000000000000 528.873540927823910 0.030000000000000 
17620.000000000000000 256.000000000000000 558.157507243005625 0.031666666666667 
17620.000000000000000 256.000000000000000 572.809277561955014 0.032500000000000 
17620.000000000000000 256.000000000000000 602.127459420636683 0.034166666666667 
17620.000000000000000 257.000000000000000 191.006598809791143 0.010000000000000 
17620.000000000000000 257.000000000000000 543.505036043502400 0.030833333333333 
17620.000000000000000 257.000000000000000 558.151647512704130 0.031666666666667 
17620.000000000000000 259.000000000000000 203.364967321211225 0.010833333333333 
17620.000000000000000 259.000000000000000 242.792604467396473 0.013333333333333 
17620.000000000000000 259.000000000000000 528.850317706474812 0.030000000000000 
17620.000000000000000 260.000000000000000 75.403929093983720 0.000833333333333 
17620.000000000000000 260.000000000000000 311.776850930968749 0.017500000000000 
17620.000000000000000 260.000000000000000 340.159692125077697 0.019166666666667 
17620.000000000000000 260.000000000000000 383.222301701963147 0.021666666666667 
17620.000000000000000 260.000000000000000 514.208311367379906 0.029166666666667 
17620.000000000000000 260.000000000000000 528.843023547545727 0.030000000000000 
17620.000000000000000 265.000000000000000 130.783169074158621 0.005833333333333 
17620.000000000000000 265.000000000000000 297.390603589522982 0.016666666666667 
17620.000000000000000 265.000000000000000 325.675411167262553 0.018333333333333 
17620.000000000000000 272.000000000000000 368.434294441519228 0.020833333333333 
17620.000000000000000 272.000000000000000 455.625633065848206 0.025833333333333 
17620.000000000000000 278.000000000000000 79.246340846271579 0.001666666666667 
17620.000000000000000 278.000000000000000 382.755121207262960 0.021666666666667 
17620.000000000000000 282.000000000000000 227.085826585609510 0.012500000000000 
17620.000000000000000 282.000000000000000 339.321618603349862 0.019166666666667 
17620.000000000000000 282.000000000000000 455.525985604902758 0.025833333333333 
17620.000000000000000 282.000000000000000 704.811083349862315 0.040000000000000 
17620.000000000000000 284.000000000000000 411.721826732377281 0.023333333333333 
17620.000000000000000 284.000000000000000 660.769029516335195 0.037500000000000 
17620.000000000000000 284.000000000000000 704.810247167819284 0.040000000000000 
17620.000000000000000 288.000000000000000 199.857814404831487 0.010833333333333 
17620.000000000000000 288.000000000000000 455.477332694156814 0.025833333333333 
17620.000000000000000 288.000000000000000 470.106832691916679 0.026666666666667 
17620.000000000000000 288.000000000000000 499.393243299372671 0.028333333333333 
17620.000000000000000 288.000000000000000 616.730709647679532 0.035000000000000 
17620.000000000000000 289.000000000000000 240.158189653903975 0.013333333333333 
17620.000000000000000 289.000000000000000 267.925160925421608 0.015000000000000 
17620.000000000000000 289.000000000000000 368.033802827452064 0.020833333333333 
17620.000000000000000 294.000000000000000 295.961394506558463 0.016666666666667 
17620.000000000000000 294.000000000000000 455.435591795273126 0.025833333333333 
17620.000000000000000 294.000000000000000 616.724982086163664 0.035000000000000 
17620.000000000000000 300.000000000000000 382.382880153893666 0.021666666666667 
17620.000000000000000 300.000000000000000 572.688985286640900 0.032500000000000 
17620.000000000000000 300.000000000000000 704.805471009601661 0.040000000000000 
17620.000000000000000 307.000000000000000 65.072284004212975 0.000833333333333 
17620.000000000000000 307.000000000000000 123.491845508451206 0.005833333333333 
17620.000000000000000 307.000000000000000 171.959459516236450 0.009166666666667 
17620.000000000000000 307.000000000000000 225.219716539200448 0.012500000000000 
17620.000000000000000 307.000000000000000 267.064015049791976 0.015000000000000 
17620.000000000000000 307.000000000000000 353.208683610173239 0.020000000000000 
17620.000000000000000 307.000000000000000 411.479345976725767 0.023333333333333 
17620.000000000000000 308.000000000000000 184.825385109606515 0.010000000000000 
17620.000000000000000 308.000000000000000 198.052650172177039 0.010833333333333 
17620.000000000000000 308.000000000000000 660.757865129595984 0.037500000000000 
17620.000000000000000 314.000000000000000 309.683863401516305 0.017500000000000 
17620.000000000000000 314.000000000000000 324.112898639341324 0.018333333333333 
17620.000000000000000 314.000000000000000 484.646812306810887 0.027500000000000 
17620.000000000000000 314.000000000000000 616.712554891237914 0.035000000000000 
17620.000000000000000 316.000000000000000 111.067350417060979 0.005000000000000 
17620.000000000000000 316.000000000000000 122.235807441799594 0.005833333333333 
17620.000000000000000 316.000000000000000 171.087337638514498 0.009166666666667 
17620.000000000000000 316.000000000000000 197.440198548872189 0.010833333333333 
17620.000000000000000 316.000000000000000 280.945449780731735 0.015833333333333 
17620.000000000000000 316.000000000000000 295.258028630778369 0.016666666666667 
17620.000000000000000 316.000000000000000 396.800723110557783 0.022500000000000 
17620.000000000000000 316.000000000000000 572.673369419476103 0.032500000000000 
17620.000000000000000 316.000000000000000 660.755858679239054 0.037500000000000 
17620.000000000000000 317.000000000000000 158.230101486334377 0.008333333333333 
17620.000000000000000 317.000000000000000 224.627619873509502 0.012500000000000 
17620.000000000000000 317.000000000000000 660.755646917938748 0.037500000000000 
17620.000000000000000 322.000000000000000 252.337974361592131 0.014166666666667 
17620.000000000000000 322.000000000000000 367.564032836909064 0.020833333333333 
17620.000000000000000 322.000000000000000 440.655243807776799 0.025000000000000 
17620.000000000000000 327.000000000000000 69.938102059418924 0.001666666666667 
17620.000000000000000 327.000000000000000 338.397817920892237 0.019166666666667 
17620.000000000000000 327.000000000000000 425.989728332996151 0.024166666666667 
17620.000000000000000 327.000000000000000 484.618036346501526 0.027500000000000 
17620.000000000000000 331.000000000000000 60.933417745140986 0.000833333333333 
17620.000000000000000 331.000000000000000 210.085254219310571 0.011666666666667 
17620.000000000000000 331.000000000000000 252.011255681780654 0.014166666666667 
17620.000000000000000 331.000000000000000 294.907100828003877 0.016666666666667 
17620.000000000000000 331.000000000000000 396.701134061928087 0.022500000000000 
17620.000000000000000 331.000000000000000 616.706995569786386 0.035000000000000 
17620.000000000000000 331.000000000000000 660.753372690632887 0.037500000000000 
17620.000000000000000 332.000000000000000 60.774027081332278 0.000833333333333 
17620.000000000000000 332.000000000000000 196.372006592815751 0.010833333333333 
17620.000000000000000 332.000000000000000 237.861193986937025 0.013333333333333 
17620.000000000000000 336.000000000000000 616.705890071488625 0.035000000000000 
17620.000000000000000 337.000000000000000 97.406926318211319 0.004166666666667 
17620.000000000000000 337.000000000000000 266.061676190677304 0.015000000000000 
17620.000000000000000 337.000000000000000 484.601869037613938 0.027500000000000 
17620.000000000000000 343.000000000000000 338.219114269737361 0.019166666666667 
17620.000000000000000 343.000000000000000 411.284087556557779 0.023333333333333 
17620.000000000000000 348.000000000000000 181.901622999493128 0.010000000000000 
17620.000000000000000 348.000000000000000 237.296425952489187 0.013333333333333 
