50
10000.000000000000000 27.000000000000000 410.517577630782682 0.007500000000000 
10000.000000000000000 27.000000000000000 415.132837493851753 0.008333333333333 
10000.000000000000000 27.000000000000000 477.893633251403912 0.019166666666667 
10000.000000000000000 27.000000000000000 498.218774191330397 0.022500000000000 
10000.000000000000000 27.000000000000000 503.373125284197044 0.023333333333333 
10000.000000000000000 27.000000000000000 551.053157186471822 0.030833333333333 
10000.000000000000000 27.000000000000000 556.492102328214173 0.031666666666667 
10000.000000000000000 34.000000000000000 367.727690108752938 0.013333333333333 
10000.000000000000000 34.000000000000000 462.030442884215688 0.028333333333333 
10000.000000000000000 34.000000000000000 490.258083533632032 0.032500000000000 
10000.000000000000000 34.000000000000000 537.143239547145072 0.039166666666667 
10000.000000000000000 40.000000000000000 254.293956952111927 0.000833333333333 
10000.000000000000000 40.000000000000000 271.931041061172550 0.004166666666667 
10000.000000000000000 40.000000000000000 290.301560976419239 0.007500000000000 
10000.000000000000000 40.000000000000000 344.527656538436759 0.016666666666667 
10000.000000000000000 40.000000000000000 349.720910743765444 0.017500000000000 
10000.000000000000000 40.000000000000000 370.921078256471219 0.020833333333333 
10000.000000000000000 40.000000000000000 392.791936986889993 0.024166666666667 
10000.000000000000000 40.000000000000000 486.594563261732162 0.037500000000000 
10000.000000000000000 40.000000000000000 498.986660318784743 0.039166666666667 
10000.000000000000000 43.000000000000000 322.406859436323714 0.015833333333333 
10000.000000000000000 43.000000000000000 354.333859331204110 0.020833333333333 
10000.000000000000000 43.000000000000000 370.903739443014217 0.023333333333333 
10000.000000000000000 43.000000000000000 459.435241868065020 0.035833333333333 
10000.000000000000000 43.000000000000000 465.654271505239535 0.036666666666667 
10000.000000000000000 43.000000000000000 471.910577139597308 0.037500000000000 
10000.000000000000000 50.000000000000000 213.009920112488743 0.002500000000000 
10000.000000000000000 50.000000000000000 231.161150533806193 0.005833333333333 
10000.000000000000000 50.000000000000000 265.104856144232770 0.011666666666667 
10000.000000000000000 50.000000000000000 285.716832075226364 0.015000000000000 
10000.000000000000000 50.000000000000000 352.580569335623011 0.025000000000000 
10000.000000000000000 50.000000000000000 413.605354162882577 0.033333333333333 
10000.000000000000000 56.000000000000000 224.196868292480019 0.008333333333333 
10000.000000000000000 56.000000000000000 298.465644982663605 0.020000000000000 
10000.000000000000000 56.000000000000000 456.917032290686620 0.040833333333333 
10000.000000000000000 61.000000000000000 168.204674131182259 0.000833333333333 
10000.000000000000000 61.000000000000000 309.002194442693792 0.023333333333333 
10000.000000000000000 61.000000000000000 339.976670364295330 0.027500000000000 
10000.000000000000000 61.000000000000000 433.252289792327417 0.039166666666667 
10000.000000000000000 65.000000000000000 204.887969087909084 0.009166666666667 
10000.000000000000000 65.000000000000000 241.909422912102059 0.015000000000000 
10000.000000000000000 65.000000000000000 312.846310559585106 0.025000000000000 
10000.000000000000000 65.000000000000000 338.375348982121068 0.028333333333333 
10000.000000000000000 69.000000000000000 149.194492718121268 0.000833333333333 
10000.000000000000000 69.000000000000000 191.152179355381520 0.008333333333333 
10000.000000000000000 69.000000000000000 201.327961281916288 0.010000000000000 
10000.000000000000000 69.000000000000000 217.152688643841998 0.012500000000000 
10000.000000000000000 69.000000000000000 228.067996484098160 0.014166666666667 
10000.000000000000000 69.000000000000000 233.632878463133238 0.015000000000000 
10000.000000000000000 69.000000000000000 274.503804069562079 0.020833333333333 
